001010101000000000000
110000010000010100000
001010101000000000001
110000100000010100000
001010101000000000001
110000110000010100000
001010101000000000001
110001000000010100000
110111110000000000000
001010111000000000100
110010100111000000000
001010111011100000001
110010110111000000000
001000101000000000000
111001010000000000000
010011111010100100000
001000111000000000000
001010111011100100000
001011110000000000001
000101000101011100000
001000110101011110000
001001000100000000000
100001100100001100000
001101011101111000000
000101000101100000000
001000110101111110000
001001100110000000000
100001100100001100000
001101010101011000000
001101111111101010000
001110111011100000001
000001110000000100001
000000000000000010010
001010111000000000100
101110100111000000000
001010111011100000001
101110110111000000000
